181636881 313 100 13316 28.058008 -82.42515 2023-05-03 15:52:17.119468
181636881 313 100 13316 28.058008 -82.42515 2023-05-03 15:52:17.312674
181636881 313 100 13316 28.058008 -82.42515 2023-05-03 15:52:17.493822
181636881 313 100 13316 28.058008 -82.42515 2023-05-03 15:52:17.696529
68993560 310 260 34060 28.060617 -82.420343 2023-05-03 15:52:18.007058
181636881 313 100 13316 28.058008 -82.42515 2023-05-03 15:52:18.166781
68993560 310 260 34060 28.060617 -82.420343 2023-05-03 15:52:18.299656
68993560 310 260 34060 28.060617 -82.420343 2023-05-03 15:52:18.452945
181636881 313 100 13316 28.058008 -82.42515 2023-05-03 15:52:18.620596
181636881 313 100 13316 28.058008 -82.42515 2023-05-03 15:52:18.787240
181636881 313 100 13316 28.058008 -82.42515 2023-05-03 15:52:18.931750
181636881 313 100 13316 28.058008 -82.42515 2023-05-03 15:52:19.108492
68993560 310 260 34060 28.060617 -82.420343 2023-05-03 15:52:19.281905
181636881 313 100 13316 28.058008 -82.42515 2023-05-03 15:52:19.431811
180982335 310 410 13316 28.053824 -82.432145 2023-05-03 15:52:19.643682
68668181 310 260 34054 28.054301 -82.431038 2023-05-03 15:52:19.832399
180982335 313 100 13316 28.053649 -82.432367 2023-05-03 15:52:20.113497
180982335 310 410 13316 28.053824 -82.432145 2023-05-03 15:52:20.301730
68668181 310 260 34054 28.054301 -82.431038 2023-05-03 15:52:20.447233
180982335 313 100 13316 28.053649 -82.432367 2023-05-03 15:52:20.601908
68668181 310 260 34054 28.054301 -82.431038 2023-05-03 15:52:20.760893
180982335 313 100 13316 28.053649 -82.432367 2023-05-03 15:52:20.922083
181414666 310 410 13316 28.051039 -82.427312 2023-05-03 15:52:21.144375
223047446 310 260 34054 28.05407 -82.437009 2023-05-03 15:52:21.326136
180982307 313 100 13316 28.054349 -82.437312 2023-05-03 15:52:21.654327
180982307 310 410 13316 28.054599 -82.439232 2023-05-03 15:52:21.838937
