 
181636881 310 410 13316 28.064032 -82.423559 2023-05-04 00:01:23.551279
222464279 310 260 34054 28.062021 -82.412895 2023-05-04 00:01:23.780753
181636881 313 100 13316 28.058008 -82.42515 2023-05-04 00:01:23.972189
68993560 310 260 34060 28.060617 -82.420343 2023-05-04 00:01:24.145367
68993045 310 260 34054 28.060566 -82.413114 2023-05-04 00:01:24.390474
181380626 310 410 13313 27.945065 -82.314748 2023-05-04 00:01:24.625063
67899927 310 260 34063 27.930759 -82.335471 2023-05-04 00:01:24.839855
181380626 313 100 13313 27.938391 -82.327053 2023-05-04 00:01:25.065896
179814671 310 410 13316 28.057691 -82.427296 2023-05-04 00:21:51.813052
179814671 313 100 13316 28.059952 -82.423619 2023-05-04 00:21:52.048418
181158674 310 410 13316 28.062924 -82.411003 2023-05-04 00:21:52.348483
222415639 310 260 34054 28.05621 -82.416784 2023-05-04 00:21:52.564343
181158674 313 100 13316 28.060713 -82.409557 2023-05-04 00:21:52.791151
180982335 310 410 13316 28.053824 -82.432145 2023-05-04 00:21:52.996282
68668181 310 260 34054 28.054301 -82.431038 2023-05-04 00:21:53.155098
180982335 313 100 13316 28.053649 -82.432367 2023-05-04 00:21:53.461279
181414666 310 410 13316 28.051039 -82.427312 2023-05-04 00:21:53.661254
223047446 310 260 34054 28.05407 -82.437009 2023-05-04 00:21:53.829081
180982307 313 100 13316 28.054349 -82.437312 2023-05-04 00:21:54.023333
180982307 310 410 13316 28.054599 -82.439232 2023-05-04 00:21:54.233593
179755024 313 100 13316 28.058392 -82.436962 2023-05-04 00:21:54.433255
179755024 310 410 13316 28.057419 -82.435744 2023-05-04 00:21:54.663387
