179814671 310 410 13316 193 45 14 28.057691 -82.427296 
68993045 310 260 34054 80 27 22 28.060566 -82.413114 
179814671 313 100 13316 192 45 14 28.059952 -82.423619 
  23/05/03 14:17:30 GMT
***********************************************************************************************
179814671 310 410 13316 192 45 17 28.057691 -82.427296 
68993045 310 260 34054 79 36 19 28.060566 -82.413114 
179814671 313 100 13316 192 45 14 28.059952 -82.423619 
  23/05/03 14:21:50 GMT
***********************************************************************************************
181636881 310 410 13316 160 50 18 28.064032 -82.423559 
68993045 310 260 34054 97 35 11 28.060566 -82.413114 
181636881 313 100 13316 176 54 20 28.058008 -82.42515 
  23/05/03 15:42:42 GMT
***********************************************************************************************
181636881 310 410 13316 162 48 8 28.064032 -82.423559 
68993045 310 260 34054 96 33 9 28.060566 -82.413114 
181636881 313 100 13316 160 46 13 28.058008 -82.42515 
  23/05/03 15:48:07 GMT
***********************************************************************************************
181636881 310 410 13316 174 50 9 28.064032 -82.423559 
222464279 310 260 34054 240 32 6 28.062021 -82.412895 
181636881 313 100 13316 176 47 11 28.058008 -82.42515 
  23/05/03 15:56:09 GMT
***********************************************************************************************
181636881 310 410 13316 162 49 11 28.064032 -82.423559 
68993045 310 260 34054 96 35 14 28.060566 -82.413114 
181636881 313 100 13316 176 46 11 28.058008 -82.42515 
  23/05/03 15:59:37 GMT
***********************************************************************************************
181636881 310 410 13316 208 61 18 28.064032 -82.423559 
68993560 310 260 34060 96 52 13 28.060617 -82.420343 
181636881 313 100 13316 192 55 11 28.058008 -82.42515 
  23/05/03 16:20:14 GMT
***********************************************************************************************
68993560 310 260 34060 96 60 16 28.060617 -82.420343 
179814671 313 100 13316 192 65 15 28.059952 -82.423619 
179814671 310 410 13316 192 66 16 28.057691 -82.427296 
  23/05/03 16:25:32 GMT
***********************************************************************************************
179814671 310 410 13316 193 67 15 28.057691 -82.427296 
68993560 310 260 34060 81 67 16 28.060617 -82.420343 
181636881 313 100 13316 192 65 14 28.058008 -82.42515 
  23/05/03 16:28:36 GMT
***********************************************************************************************
181636881 310 410 13316 113 88 15 28.064032 -82.423559 
68993045 310 260 34054 128 68 11 28.060566 -82.413114 
181636881 313 100 13316 112 89 16 28.058008 -82.42515 
  23/05/03 16:48:27 GMT
***********************************************************************************************
68993045 310 260 34054 128 68 11 28.060566 -82.413114 
181636881 313 100 13316 112 88 12 28.058008 -82.42515 
181636881 310 410 13316 113 86 9 28.064032 -82.423559 
  23/05/03 16:51:40 GMT
***********************************************************************************************
68993045 310 260 34054 128 68 9 28.060566 -82.413114 
181636881 313 100 13316 112 88 12 28.058008 -82.42515 
181636881 310 410 13316 112 89 16 28.064032 -82.423559 
  23/05/03 16:55:13 GMT
***********************************************************************************************
181636881 310 410 13316 115 87 16 28.064032 -82.423559 
68993560 310 260 34060 128 63 6 28.060617 -82.420343 
181636881 313 100 13316 112 87 21 28.058008 -82.42515 
  23/05/03 16:58:50 GMT
***********************************************************************************************
181158674 310 410 13316 254 63 16 28.062924 -82.411003 
222415639 310 260 34054 336 57 14 28.05621 -82.416784 
181158674 313 100 13316 256 63 13 28.060713 -82.409557 
  23/05/03 17:21:57 GMT
***********************************************************************************************
180982335 310 410 13316 34 60 27 28.053824 -82.432145 
68668181 310 260 34054 225 67 24 28.054301 -82.431038 
180982335 313 100 13316 32 60 27 28.053649 -82.432367 
  23/05/03 18:27:54 GMT
***********************************************************************************************
180982335 310 410 13316 33 60 25 28.053824 -82.432145 
68668181 310 260 34054 224 66 23 28.054301 -82.431038 
180982335 313 100 13316 32 63 29 28.053649 -82.432367 
  23/05/03 18:31:00 GMT
***********************************************************************************************
68668181 310 260 34054 224 69 19 28.054301 -82.431038 
180982335 313 100 13316 48 49 6 28.053649 -82.432367 
181414666 310 410 13316 416 59 20 28.051039 -82.427312 
  23/05/03 18:37:23 GMT
***********************************************************************************************
223047446 310 260 34054 113 72 19 28.05407 -82.437009 
180982307 313 100 13316 32 51 18 28.054349 -82.437312 
180982307 310 410 13316 16 53 14 28.054599 -82.439232 
  23/05/03 18:40:58 GMT
***********************************************************************************************
223047446 310 260 34054 98 76 24 28.05407 -82.437009 
179755024 313 100 13316 240 63 21 28.058392 -82.436962 
179755024 310 410 13316 243 62 14 28.057419 -82.435744 
  23/05/03 18:50:22 GMT
***********************************************************************************************
179755024 310 410 13316 241 64 16 28.057419 -82.435744 
223047446 310 260 34054 79 76 16 28.05407 -82.437009 
179755024 313 100 13316 240 60 10 28.058392 -82.436962 
  23/05/03 18:53:35 GMT
***********************************************************************************************
179755024 310 410 13316 241 63 17 28.057419 -82.435744 
223047446 310 260 34054 81 76 23 28.05407 -82.437009 
179755024 313 100 13316 240 64 18 28.058392 -82.436962 
  23/05/03 18:56:49 GMT
***********************************************************************************************
223047446 310 260 34054 82 76 13 28.05407 -82.437009 
179755024 313 100 13316 240 62 19 28.058392 -82.436962 
179755024 310 410 13316 240 61 15 28.057419 -82.435744 
  23/05/03 19:00:02 GMT
***********************************************************************************************
179755024 310 410 13316 241 65 18 28.057419 -82.435744 
223047446 310 260 34054 82 77 24 28.05407 -82.437009 
179755024 313 100 13316 240 61 14 28.058392 -82.436962 
  23/05/03 19:03:15 GMT
***********************************************************************************************
